60559
97238
74378
284262
121596
91276
81354
288044
74371
129677
74374
74368
126957
107795
131931
121417
74372
79064
125743
74151
74366
74376
132178
432813
121598
252491
79065
129668
74152
231170
331118
74155
129686
150460
298729
75955
129700
129087
99670
552870
551863
550524
550489
550486
549094
549074
547619
547618
547617
546633
546631
546629
544178
544175
544174
544167
541705
541700
541699
541592
541590
541586
541549
541548
541547
541545
541543
541542
541541
540395
540386
540372
539336
539335
539333
539265
538941
538134
538126
538116
538115
538111
538110
538097
538023
537339
537232
536248
536233
536177
533294
533293
533259
532142
529846
529836
527912
527909
527907
526478
526476
526470
526469
526468
525342
524351
524350
524288
524287
524286
524285
524284
524282
521733
521723
518080
514471
514469
514325
514323
514322
514284
514272
511660
511658
509048
508987
506315
506314
506293
503448
499602
499588
499587
499585
499581
499580
499579
499552
497452
494659
494656
494646
494641
494637
494633
494631
494630
494589
494530
494467
494464
494432
494429
494420
494394
494390
494357
494330
494324
494321
487712
473034
464326
463112
463111
463104
458270
456905
448913
445620
445619
445618
445616
445612
445609
445608
445606
445605
445603
445600
445598
445597
445592
445591
445588
445587
445586
445585
445583
445581
445580
445579
445577
445576
445575
445571
445569
445568
445566
445565
439833
439831
439828
439826
439825
439822
439821
439819
439818
439812
439811
439808
439802
439801
439800
439798
439796
439794
439793
439791
439783
439782
439781
439780
439779
439773
439772
439771
439768
439764
439760
439758
439750
439747
439746
439743
439742
439741
439722
439721
439718
436813
433961
433176
433101
433074
432939
432535
432487
432414
431958
431939
431860
431405
431168
430882
430429
424946
414319
410819
403828
403811
403807
403802
403783
403675
391971
391949
389765
386904
386730
386729
386718
385765
374606
374384
359677
359640
357561
356882
355522
355516
353801
343249
341974
341973
341972
341968
341966
331359
313328
310712
302985
302984
302983
302982
301300
301286
298743
298742
298741
298740
298739
298738
298737
298736
298735
298728
298727
298726
298724
298723
298722
298721
298709
297373
297370
294340
283294
272082
266733
252986
252985
252863
252862
243233
240663
240662
228737
228736
228730
228719
228202
222600
206253
196235
191416
166345
166344
166343
166342
152226
132191
132190
132189
132188
132187
132185
132179
132176
132155
132154
129714
129712
129711
129706
129695
129693
129690
129689
129684
129683
129680
129678
129672
129670
129105
129103
129101
129071
129069
129019
128962
121597
111908
96195
96194
96190
96187
96184
96182
96181
95735
74382
74380
74379
