369
145
3965
10482
144
9563
24807
25894
11274
2719
24819
669
920
12332
11287
23426
15538
16230
4807
14214
42789
76942
67945
38012
14211
12153
14895
24025
1710
30344
11881
9866
17576
24097
2491
86837
9802
39129
5066
6977
9799
17628
202853
24521
30610
65492
12220
25585
72480
23811
9544
23597
62921
25997
23055
237337
337830
35268
307064
202852
16749
25947
25016
20519
37658
32992
79086
60360
35056
65490
18796
26722
65491
7082
39841
91056
356530
98842
65488
484652
65487
36249
1020
64761
153885
65486
79373
42259
83001
94430
20672
320070
22636
511875
145504
17202
94476
293237
440785
65489
51210
411242
397519
300994
385549
328347
285211
198191
499172
56304
442462
478748
397529
510051
25966
383337
192166
408273
12831
368196
288478
237965
368207
353812
29225
415298
339821
317733
194016
359422
477110
44619
249501
371093
312736
55325
323601
242173
292601
16996
127551
376753
345504
105162
368205
29224
309381
361935
203314
546689
541522
540086
538793
537823
537808
537654
525919
519058
512251
512238
497438
483350
451579
450636
440857
429747
422508
417019
416707
397556
397538
397527
397524
397517
397515
394741
380848
378412
366069
365803
364086
361871
356529
352097
350666
339081
339080
321198
320629
307922
302981
300550
291349
274337
259934
252532
241581
239565
237311
235284
229763
224471
221392
191351
173900
168571
154486
143911
143698
122390
105728
95646
70430
65485
63496
53265
40244
35572
26553
23896
23816
23776
23751
23749
20279
12373
11978
11860
5020
3852
2816
2745
2743
1729
1593
866
864
680
434
403
308
307
297
287
256
114
