187996
43354
124386
55123
246961
43662
57548
317670
55596
113897
276310
70437
276311
113892
63366
62774
43353
67343
48438
55064
220433
43356
48444
137731
66093
48118
55055
48039
56637
55453
113906
57959
43350
55462
69589
60016
43348
113896
65167
61050
55126
43349
48037
59494
60017
48041
48437
68087
54258
61049
82991
55869
124991
48610
63138
48433
113907
77934
55058
66065
113908
48042
55133
63136
48040
65660
77922
56634
68495
56626
43357
59380
57550
67335
57551
56227
48036
63142
65155
157262
55125
77926
55871
109986
209371
137726
98068
56222
54719
210221
43351
185909
56215
57549
56225
54929
56494
59451
229881
53290
273335
78647
52864
52865
375784
136255
98885
486449
137725
486445
137733
224089
137728
86611
63134
156279
313195
60464
124779
85081
285332
159205
86612
276902
382671
196162
137719
86610
58802
310254
86614
244946
380819
317342
143543
486469
387394
553220
553219
553218
553215
553213
553212
553210
553209
553208
553207
553206
553205
553204
553202
553201
553200
552876
552873
552058
552057
552056
552052
552051
552050
552049
552048
552047
552046
552045
552044
552043
552042
552041
552040
552039
552038
552037
552035
552034
552033
552032
552031
551862
551861
551225
551207
549361
549359
549358
549084
547808
547641
547638
547635
547630
547620
546992
546991
546986
546974
546971
546961
546960
546959
546958
546957
546956
546955
546954
546953
546952
546951
546950
546949
546948
546947
546946
546945
546944
546943
546942
546941
546940
546939
546938
546936
546935
546934
546929
546923
546641
545995
544324
544240
544188
544183
544166
544118
542698
542695
542693
542688
542679
542678
542677
542675
542670
542669
542668
542665
542664
542663
542662
542661
542660
542659
542656
542655
542654
542653
542652
542651
542650
542649
542648
542647
542646
542645
542644
542643
542642
542641
542640
542639
542636
542635
542632
542630
542628
541816
541587
541575
540393
540388
540387
540385
540373
539334
538948
538947
538943
538942
538940
538939
538929
538131
538130
538129
538106
538100
538099
538098
538096
538095
538094
538093
536841
536838
536835
536833
536832
536831
536830
535287
533767
533762
533760
533753
533751
533748
533745
533744
533743
533742
533737
533735
533734
533732
533731
533730
533729
533728
533727
533726
533725
533724
533721
533719
533717
533716
533715
533714
533711
533710
533709
532140
527911
527194
527193
527192
527188
527187
527185
527184
527183
527182
527181
527178
527173
527172
527168
525214
524809
524446
524166
523995
523991
523983
521735
521716
521261
521244
520178
520177
520176
520171
520170
520168
520167
520165
520158
520150
520144
520143
520142
520141
520139
520137
520134
516627
516624
516621
516619
516616
516613
516612
516611
516599
516598
516590
514205
514126
511366
511365
510499
510495
510494
510493
510491
510490
510487
510485
510484
510483
510480
510476
510473
510470
510467
510466
510465
510464
510461
509620
509019
509017
508986
506752
506306
506291
505135
505134
505132
505131
505130
505127
505125
505121
505120
505119
505117
505116
505111
505110
505108
505107
505105
505103
505100
505096
505094
505093
505092
505081
505080
505079
505078
505077
505076
505075
505072
505070
505068
505067
505065
505063
505061
505060
505058
505056
505055
503232
503231
503230
503224
503222
503220
503218
503160
503154
503150
503149
503141
503139
503137
503124
503122
503121
503119
503115
503114
503113
503112
503111
503110
503109
500830
500188
499607
499601
499600
499529
495583
495581
495578
495576
495575
495574
495572
495565
495560
495558
495556
495552
495550
495547
495539
495538
495535
495534
495523
495006
494689
494688
494687
494683
494681
494680
494678
494675
494674
493564
493563
493560
493558
493555
493550
493547
493543
493541
493539
489719
489708
489705
489701
489692
489690
489686
489684
489682
489679
489678
489677
489674
486470
457033
455029
443223
441156
435275
421835
416705
414997
406527
396324
395963
383447
383285
374620
374619
370319
370318
369078
367293
357562
350395
327759
323732
302986
296824
294327
293295
291230
289825
277498
276312
276142
248511
244933
236856
201337
201336
201328
177678
165485
159210
159206
159204
159203
156280
155950
145512
141731
141196
141194
137732
137730
137729
137727
137724
137723
137722
137721
137720
116556
113900
113899
113893
113889
113887
113878
111508
82988
73287
63995
61792
61712
61052
60019
58460
57960
56846
56628
56219
54838
48435
47950
47826
