309528
64294
96069
65931
401512
56485
409067
398825
53064
50032
469814
55616
52059
116975
52694
268877
52058
64527
409068
97486
52407
62154
51253
55615
57064
50065
76326
94044
82967
50035
69780
49401
126843
65551
77718
55878
133700
65743
176873
115607
452372
131099
469816
56784
443620
153670
50034
469812
70883
174812
51282
120623
77423
85099
71340
132220
95643
77973
389995
418867
45096
103703
47944
94093
65365
135563
85950
51266
50073
50038
50037
98803
50772
98097
51281
68110
55877
69865
61340
298869
141013
410192
58180
84207
279104
123799
91319
470616
435989
115311
89450
470615
95747
59444
45103
226557
50069
77274
105224
123800
104612
354297
75469
108538
90942
230947
155380
111887
45365
121798
107701
50067
147654
51535
419286
192297
82459
61327
120994
249630
465442
45097
105492
465443
149707
129610
98472
353869
97784
49402
59340
91774
470611
470617
61907
155382
175321
113842
104081
177683
520669
49408
50068
374671
178212
149713
55047
203774
150867
171342
113406
58049
47165
465440
83731
47220
45099
300802
107657
470609
86561
55031
49406
230796
87589
222791
227802
111552
101710
79038
174868
300791
141311
193919
181087
181090
181089
98945
50906
45102
53538
65655
92453
60343
57190
166015
418879
76677
50905
45091
109591
76646
436363
53672
50300
83135
155619
57189
113200
52465
78646
480560
243490
45098
374409
76638
226120
252685
257946
294000
82041
92649
69499
198196
45092
137733
106954
73998
61833
49398
45089
72841
237373
155664
299717
129274
45364
163269
213841
49399
149455
53811
50808
249181
143208
50734
204773
69808
57494
226132
402110
111761
218920
126659
430425
58003
71821
80914
123491
64618
47164
111359
177682
132347
98826
57797
45675
74732
248039
65671
271380
157810
53563
56502
96703
143024
155406
165391
143181
157232
123970
266866
76639
47941
49232
49489
86095
82453
61112
357596
96020
58802
337728
257954
155639
146498
264747
48461
208249
69102
67538
227904
325994
551828
551827
551381
551201
551199
550823
550822
550776
550621
550537
550536
550533
550525
550510
549092
549080
549035
548645
548638
548634
548631
548630
548624
547488
547486
547133
547002
545715
545693
545691
545686
545685
545683
545682
545681
545680
545678
545677
545674
545673
544727
544123
544121
543681
543235
543088
542863
542220
542058
541913
541802
541786
541784
541783
541776
541635
541634
540848
540813
540485
540484
540483
540482
540481
540480
540479
540478
540477
540475
540474
540473
540472
540471
540470
540469
540468
540456
540455
540454
540453
540452
540451
540450
540449
540448
540447
540446
540445
540444
540443
540441
540439
540438
540436
540435
540434
540433
540432
540429
540428
540426
540425
540378
539307
539271
539270
539268
538975
538954
538933
538916
538503
538404
538402
538319
538055
538054
538047
538040
537984
537795
537792
537791
537790
537789
537786
537785
537783
537781
537779
537778
537775
537773
537772
537771
537770
537356
537304
536792
536223
536222
536221
536185
536180
536178
535283
535282
535281
535253
534671
534664
534660
534653
533743
532963
532962
532960
532958
532957
532953
532139
532138
532111
532110
532099
532088
532087
532084
532083
532080
532079
532078
531341
530478
529823
529822
529815
529813
529810
529809
528818
528484
527970
527915
527187
527123
526437
526434
526433
525434
524705
524704
524685
524683
524682
524681
524534
524533
524528
524527
524517
524391
524347
524345
523522
523515
523465
523457
523453
523401
523396
523390
523387
523384
523383
523382
523381
523380
523379
523378
523377
523376
523375
523374
523372
523371
523367
523366
523365
523363
523360
523359
523356
523355
523353
523349
523348
523347
523346
523345
523344
523343
523341
523339
523338
523337
523336
523335
523334
523333
523328
523317
523314
523313
523312
523311
523310
523308
523307
523306
523305
523304
523303
523302
523301
523300
523299
523298
523297
523295
523294
523292
523288
523282
523255
523140
523117
523116
522390
522215
522200
521736
521707
521705
521703
521701
521700
521689
521684
521683
521672
521671
521666
521665
521664
521663
521374
521134
521099
520983
520981
520922
520715
520704
520695
520465
520464
520463
519928
519927
519925
519923
519922
519921
519919
519918
519914
519913
519912
519906
518854
518441
518440
518091
518089
518085
517655
517653
517645
517644
517640
517639
516829
516828
516805
514383
514382
514377
514375
514374
514364
514354
514291
514247
514222
514221
514220
514219
514215
514214
513458
513456
513454
513451
513450
513447
513446
513445
513444
513443
513442
513439
513438
513437
513436
513435
513434
513414
513410
513405
513404
513403
513402
513401
513398
513396
513395
513394
513393
513390
513385
513384
513383
513382
513381
513369
513338
513319
513312
513299
511392
511388
511383
511292
510821
510526
510380
510374
510373
510370
510355
510349
510348
510345
510344
510311
510307
510304
510303
510302
510301
510299
510281
510280
509168
509118
509106
509102
509096
509090
509088
509077
508938
506762
506561
506560
506531
506530
506521
506262
506257
506241
506239
506226
506219
506218
506215
505614
505597
505596
505595
505594
505591
504838
504836
504835
504834
504833
504832
504816
504814
504811
504810
504809
504808
504805
504804
504802
504801
504796
504795
503574
503569
503554
503503
503482
503480
503355
503354
503304
503302
503297
503017
501313
501284
500338
500336
500253
499509
499420
499127
497435
497396
497221
497220
496515
495946
495486
494457
494456
494454
493709
493705
493703
493610
493601
493599
492323
492311
492290
492289
492287
492286
492284
492283
491767
491756
491755
491754
491752
491751
491750
491749
491748
490351
489621
489620
489610
489608
489607
489603
489589
489580
489577
489571
489562
489560
489558
489554
489548
489546
489545
489544
489533
489511
489499
489495
489494
489493
489485
489475
489471
489469
489454
489062
488744
488743
488742
488741
488740
488734
488733
488727
488726
488725
488723
488722
488720
488716
488715
488713
488712
488711
488145
488125
488122
488121
488118
488112
488110
488109
488094
488091
488088
488087
488086
488085
488062
488058
488057
488050
487733
487732
487729
487584
487561
487471
487470
487468
487465
486939
485279
485273
482433
482432
482314
482312
482311
482310
482309
482308
482305
482304
482299
482298
482297
482296
482295
482294
482293
482287
482285
482284
481895
481891
481722
480875
480559
480558
479281
479276
478606
478603
478601
478600
478599
478591
478586
478583
478581
478580
478539
478538
478537
478535
478176
475726
475722
475661
475652
475646
475642
475634
475614
475606
475605
475600
475596
475588
475574
475555
475542
475541
475371
475366
475365
475363
475362
475361
475359
475357
475356
475355
475352
475351
475349
475344
475343
475342
475341
475340
475339
475122
475051
475050
475011
475009
475007
474880
474846
474845
474843
474842
474839
474838
474837
474835
474827
474825
474823
473325
473322
473315
473310
473070
473065
473062
472944
472939
472274
471883
471852
471703
471459
470658
470610
470470
469817
469813
468527
468343
468342
468341
468340
468338
468335
468332
468331
468327
467716
466532
466507
465444
463068
463063
461848
461118
460870
460811
460810
460782
460771
460770
460768
460767
460766
460765
460515
460456
460433
460416
460390
460389
460385
460380
460373
460372
460371
457387
457082
456967
456891
456888
455624
455618
454493
454423
454413
454411
453745
453707
453667
453657
453652
453635
453622
453618
452860
452632
452499
452495
452490
452487
452485
452467
452456
452452
452448
452443
452437
451836
451835
451820
451742
451533
451440
451439
451438
451435
450660
450643
450630
448916
447236
447235
447234
447224
447221
446893
446417
445747
445744
445741
445740
445739
445736
445729
445727
445726
445725
445724
445723
445722
445721
445720
445709
445708
445707
445706
445705
445704
445703
445702
445701
445700
445699
445697
445676
445675
445674
445672
445671
445669
445668
445667
445666
445665
445664
445663
445662
445659
445658
445657
445656
445337
445296
445294
445233
445231
445230
445229
445227
445226
445221
445220
445218
445217
445216
445215
445214
445213
445211
445206
445205
445204
445203
445202
445201
445200
445198
445197
445196
445194
444539
443446
442848
439368
439361
439260
439259
439153
439133
439132
434162
433493
433219
432339
432338
432326
432315
432310
432285
432283
432282
432281
432280
432276
432051
431994
431993
431992
431991
431979
431976
431973
431972
431964
431960
431959
431908
431907
431897
431894
431834
431611
431606
431604
431602
431221
430217
429883
428700
428466
427064
427062
427061
427060
427058
426938
426932
426931
426926
426925
426924
426113
425928
425927
425901
425850
425849
425790
425781
425775
425757
425756
425749
425741
425732
425725
425712
425698
425006
424118
424105
424104
424102
424101
424100
423518
422517
421782
421780
421777
421776
421775
421774
421772
421763
421762
421761
421755
421753
421752
421750
421749
420738
420736
420700
419304
419280
419275
419272
419267
419265
419172
419086
418874
418872
418864
418112
417698
417695
417274
417271
417265
417068
417036
417031
417029
417014
415115
414262
413157
411353
410386
410356
410353
409669
409661
409660
409655
409654
409653
409652
409644
409642
409639
409638
409631
409624
409622
409621
409611
409610
409607
409606
409605
409603
409601
409592
409588
409586
409570
409559
409558
409553
409552
409551
409549
409548
409546
409545
408872
408869
408866
408804
408711
408696
408692
408674
408533
408510
408498
408494
408419
406993
406665
405979
404081
403445
401356
401030
400895
400583
400581
400575
399450
399438
399437
399408
399404
396574
395929
395911
395910
395905
395776
395774
395773
395382
395377
395120
395119
395117
395109
395107
395101
394769
394768
394763
394540
394183
391476
389409
389408
389406
389404
389403
389252
389251
389249
389242
389239
389237
389234
389232
389231
389230
389229
389223
389216
389215
389212
389204
389203
389201
389199
389198
389193
389192
389191
389188
389187
389186
389185
389184
389182
389181
389180
389179
389178
389176
389175
389173
389172
389012
388996
386725
385108
385098
381384
381366
381339
381337
377998
377135
373984
373644
373325
371612
371611
371573
371503
371493
371488
371465
371462
371461
371400
371399
371398
371396
371395
371371
371349
371344
371343
371333
371331
371328
371323
371316
370390
370162
370160
370145
369854
369851
369848
369847
368182
366726
366722
366721
364713
364710
364709
364704
364688
364687
364686
364681
364680
364616
364583
364582
364581
364580
364579
364578
364528
364527
364526
364524
364523
364522
364512
364511
364510
364508
364502
364500
364497
364496
364494
364488
364480
362837
361478
361465
361451
360918
359648
359115
359108
359104
359101
359065
357948
357947
357907
357905
357901
357834
357797
357796
357595
357593
357591
356692
356683
355748
354106
354087
353438
353437
350706
350056
349073
348467
344963
343408
342487
342188
341997
340208
339550
339355
339318
339119
339116
339106
339102
339100
339098
339096
339094
339089
339087
339086
338985
337417
337393
335751
335300
335298
333596
328296
326214
326096
326094
326093
324425
324423
323961
323781
323701
321350
320635
320560
320552
320551
319341
319333
319311
319309
318075
317027
313831
308713
308696
308694
308687
308684
308680
308679
307998
307451
304310
304298
304261
304258
304246
304243
304180
303846
303754
303083
302280
302258
302257
301845
300782
299711
298272
297502
297192
297143
296975
296330
296162
295981
294363
294360
294340
294327
294303
293998
293997
293996
293995
293980
293969
293958
293954
292229
292015
291952
291922
291893
291200
290844
290606
290605
290436
290426
289080
289079
289078
289077
289076
289075
289073
289069
289068
289060
289051
289044
289017
289016
289006
289003
288968
288967
288966
288965
288964
288951
288940
288939
288938
288929
288927
288918
288917
288916
288910
288909
288908
288907
288905
288902
288901
287406
287343
287337
287335
287331
287324
287322
287319
287315
287314
287311
287308
287305
287301
287297
287291
287287
287285
286715
286298
285803
285256
285255
284948
284924
284896
284895
284894
284893
284884
281726
281725
281723
281721
281718
281715
281679
281678
281661
281204
280348
278196
278188
278148
278147
278144
278139
278138
278137
278136
277464
277463
277360
277345
275258
275249
274010
272803
272764
269090
269089
268908
263406
262719
262714
262654
257963
257945
257928
257922
257921
257906
257879
257806
257796
257777
255425
255415
255362
255282
252292
251119
249186
249178
249176
249168
249165
248600
248543
248541
248537
245306
243491
243370
243326
241678
241677
240363
240361
240357
236814
235697
235149
234776
230820
230808
230790
230776
230774
230660
230425
229204
228898
228893
228316
228314
228303
228291
228290
228288
228274
228273
228271
228269
226109
225869
223370
221005
220739
216240
215364
213871
207630
207485
204772
203561
203560
203556
203548
203452
199412
198552
198530
198486
198453
198398
197214
194762
194761
193407
190632
190617
190607
189354
187785
187570
184691
183651
181086
180962
180959
180219
180155
180153
175685
172353
171770
166174
165681
165496
163214
161863
160224
159975
159974
159973
159970
157828
157749
157746
157745
157744
157743
157742
157741
157740
157738
157727
157726
157713
157677
157595
157593
157590
157587
157586
157580
157483
157479
157478
157476
157449
157389
157388
157377
157375
157366
157365
157362
157361
157355
155690
155663
155661
155654
155638
155620
155614
155599
155574
155523
155522
155521
155517
155489
155462
155460
155458
155447
155432
155422
155411
155376
155375
155372
154541
153566
151616
151485
150866
150863
150249
148939
148869
148541
148539
148537
148536
146896
146526
146468
146451
146449
146432
146410
146395
145960
145932
145669
145668
145667
144596
144345
143460
143374
143292
143285
143277
143276
143275
143274
143187
143176
143174
143068
143067
143036
142998
142981
142965
142964
142962
142958
142801
142675
142673
142621
142019
141743
139013
139004
138999
138769
138767
138766
138764
138616
138611
138603
138602
137204
136277
134359
133708
133422
133420
132671
132670
132648
131888
131768
129883
129868
128807
126019
125096
124398
120615
120045
118182
117805
117011
116556
113423
112016
111886
111208
110866
107819
107172
106953
106204
105428
103853
103727
102344
101184
100421
99829
99710
98121
97909
97448
97288
95487
94577
94478
94056
93861
93104
93051
90156
90104
89049
88401
88156
85890
85490
83218
81556
78643
77763
77762
76648
76642
76140
72466
71528
70858
70277
69892
69562
69056
68933
68486
68168
68091
67571
67333
66949
66076
65373
65268
65232
65159
64602
64451
64295
64036
62916
62336
61458
60890
60601
60168
59273
58460
58357
58356
58355
58354
58353
58352
58351
58349
58348
58074
58017
57824
57063
57042
56495
54966
54849
54036
53669
53052
52568
51294
51285
51283
51278
50995
50987
50913
50910
50903
50804
50795
50302
50301
50299
50122
50074
50072
50071
50066
50063
50060
50059
50058
50056
50051
50050
50046
49503
49483
49470
49407
49405
49239
48715
47549
47163
45367
45366
45111
45104
45100
45095
45090
