79902
79911
27140
28803
54122
27579
74574
28802
26999
26998
192374
57233
347071
108199
53788
192371
203360
250931
61147
156772
58461
268748
192370
226527
27004
213456
77138
201425
295050
151582
89192
172597
276888
63413
94929
38503
295009
136626
268849
389136
53789
399881
50883
350257
348463
56928
339259
123475
403278
104672
92783
220436
68252
400863
124989
162521
146994
291941
313301
47940
70284
83723
207626
158980
147885
232360
84020
60046
479170
551822
551821
549187
549082
549071
549068
548708
546617
545016
544863
543827
543307
542872
542870
542706
542699
542619
542608
542599
542062
541766
540585
540584
540582
540578
537928
537927
537899
537897
537821
537806
534423
533242
533233
527368
527334
527333
527328
527323
527320
527301
524361
524360
524232
523201
523199
523198
523197
523196
523144
523143
523142
520554
519533
519519
519461
519288
519107
517628
517618
517617
517614
517613
514361
513557
511662
511586
511585
511582
511344
511000
510335
510334
510331
510330
510329
510328
506160
503545
503541
503509
503495
503491
503479
493046
492278
491552
491546
491420
491405
491396
491391
490425
489127
489116
489107
489105
487713
486946
486930
486928
483698
482734
482733
482732
482718
481890
479650
479328
478613
478605
478559
478557
478556
478555
475650
475587
475538
475534
475527
475326
475293
470179
470078
464897
464836
463124
461234
461172
460799
460797
460757
460752
460750
460749
460748
460746
460742
460736
460730
460727
460656
460655
460622
460582
459607
455872
455855
455525
455146
454969
454940
454931
454921
454893
454856
454807
454801
454797
454793
454779
454761
454613
454564
454558
454557
454553
454524
454521
454431
454065
454011
453965
453959
453949
453944
453910
453904
453899
453889
453832
453808
453792
453784
453778
453656
453638
453631
453619
453566
453554
453480
453477
453438
452942
452892
452883
452877
452858
452810
452809
452804
452800
452792
452789
452663
452654
452632
452596
452484
452438
452425
452399
452377
452227
452171
452143
452142
452140
452126
452104
452102
452101
452046
452039
452035
452034
452030
452029
452028
452027
452026
452025
452021
452018
452017
452015
452013
452012
452011
452009
452006
452002
452001
451993
451965
451964
451961
451939
451880
451805
451731
451705
451640
451636
451619
451592
451589
451585
451581
451580
451578
451572
451569
451543
451498
451430
451200
451199
451198
451197
451168
451143
451139
451089
451052
451029
451026
451019
450661
450642
448681
446335
445870
445864
445846
445845
445803
445784
445127
443766
436085
435833
435780
435744
434593
433205
432733
432353
432351
432031
432027
430682
430185
426182
426022
425997
425991
425987
425985
425984
425983
425981
425979
425959
425951
425950
425948
425943
425942
425940
425745
425729
425726
425695
425694
421408
421039
421038
421033
421032
421031
421030
417709
417342
417004
417002
415251
414480
414476
414462
413713
411457
409533
409528
409471
409453
409428
409407
409406
409355
408995
408994
408472
408471
406690
404491
404472
400880
400865
400763
399446
398792
396046
395309
395217
395209
395208
395195
389887
389741
384359
381251
378092
378091
374142
371441
369914
369895
366748
364925
363340
363339
363326
363314
363296
363288
363285
363223
363221
363218
363200
363115
363112
363109
363108
363107
363104
363102
363101
363076
363075
363074
363072
363051
363049
363045
363041
363039
363020
362763
359678
359655
359654
359653
358009
357945
357930
357927
357926
357919
357899
357887
357882
357852
357833
357805
357794
357793
357136
356543
356542
356538
356537
353445
349983
348465
348464
344116
341105
340966
339261
339218
339024
339023
338985
338970
338969
338968
338966
338965
338922
338883
338784
337726
333773
327014
326381
326313
326307
326305
326284
326276
326274
326265
326256
326255
326242
326082
323977
320034
320031
320028
320024
320023
320022
320021
320020
320019
320017
320016
320015
320014
320005
320003
319926
319881
319834
319819
319270
319269
319268
319265
314488
314484
313300
313299
304847
304564
304546
304544
304543
304483
300576
299669
299666
299657
299648
299647
299618
299538
299508
296832
295051
294122
288251
287574
287178
287176
287170
286551
286550
286396
286345
286319
286318
285577
278096
272702
270432
269351
269272
269270
268478
259575
259570
259283
259183
259131
258734
258600
255507
251607
251600
251599
239353
239052
238790
235837
235833
235832
234678
233720
232104
230768
230243
229269
225844
220349
218159
215926
215811
215803
215676
215672
215529
215527
215506
215488
215464
215440
215309
207613
207610
207589
201307
195098
192848
192170
190573
190571
190562
186851
185340
183855
180324
169544
162238
161560
153010
152562
150084
138541
136294
135128
135127
135123
128664
125904
109564
109469
108491
105074
104223
104222
102439
99682
98052
94391
94367
92472
90227
83458
83109
81127
77947
77913
77912
75367
74357
73031
72918
72028
49942
49035
28804
28784
